JKTS Final_TS_C3H8O_H2.pkl -loc
No zero point energy, using electronic energy
Ea: -0.4305 kcal/mol
k_MCTST = 8.75448084762044e-14
LC-TST = 2.82439562061932e-13
Eckart = 1.2835301121323628
Wigner = 2.6802445256919816
Qratio: 1.3061318047526137e-07
JKTS Final_TS_C3H8O_H2.pkl -loc
No zero point energy, using electronic energy
Ea: -0.4305 kcal/mol
k_MCTST = 8.75448084762044e-14
Eckart = 1.2835301121323628
Wigner = 2.6802445256919816
No tunneling: 6.820627552770372e-14
LC-TST = 2.82439562061932e-13
Qratio: 1.3061318047526137e-07
JKTS Final_TS_C3H8O_H2.pkl -loc
Eckart = 1.2835301121323628
JKTS Final_TS_C3H8O_H2.pkl -loc
Eckart = 1.2835301121323628
JKTS Final_TS_C3H8O_H2.pkl -loc
Wigner = 2.6802445256919816
JKTS Final_TS_C3H8O_H2.pkl -loc
Wigner = 2.6802445256919816
JKTS Final_TS_C3H8O_H2.pkl -loc

Eckart = 1.2835301121323628
Wigner = 2.6802445256919816
JKTS Final_TS_C3H8O_H2.pkl -loc

Eckart = 1.2835301121323628
Wigner = 2.6802445256919816
