JKTS Final_TS_C2H6O_H3.pkl -loc
No zero point energy, using electronic energy
Ea: -0.6265 kcal/mol
k_MCTST = 9.022689858995766e-13
LC-TST = 1.1358952390976431e-12
Eckart = 1.2312517324793628
Wigner = 2.5039321084454995
Qratio: 1.0080421503487948e-06
JKTS Final_TS_C2H6O_H3.pkl -loc
No zero point energy, using electronic energy
Ea: -0.6265 kcal/mol
k_MCTST = 9.022689858995766e-13
Eckart = 1.2312517324793628
Wigner = 2.5039321084454995
No tunneling: 7.32806267068298e-13
LC-TST = 1.1358952390976431e-12
Qratio: 1.0080421503487948e-06
JKTS Final_TS_C2H6O_H3.pkl -loc
Eckart = 1.2312517324793628
JKTS Final_TS_C2H6O_H3.pkl -loc
Eckart = 1.2312517324793628
JKTS Final_TS_C2H6O_H3.pkl -loc
Wigner = 2.5039321084454995
JKTS Final_TS_C2H6O_H3.pkl -loc
Wigner = 2.5039321084454995
JKTS Final_TS_C2H6O_H3.pkl -loc

Eckart = 1.2312517324793628
Wigner = 2.5039321084454995
JKTS Final_TS_C2H6O_H3.pkl -loc

Eckart = 1.2312517324793628
Wigner = 2.5039321084454995
