JKTS Final_TS_CH4O_H1.pkl -info
JKTS Final_TS_CH4O_H1.pkl -loc
No zero point energy, using electronic energy
Ea: 0.6960 kcal/mol
k_MCTST = 6.380562213517647e-13
LC-TST = 1.8357690915818494e-13
Eckart = 3.475688877635275
Wigner = 3.414510928968419
Qratio: 2.3532953148887562e-06
JKTS Final_TS_CH4O_H1.pkl -loc
No zero point energy, using electronic energy
Ea: 0.6960 kcal/mol
k_MCTST = 6.380562213517647e-13
Eckart = 3.475688877635275
Wigner = 3.414510928968419
No tunneling: 1.8357690915818494e-13
LC-TST = 1.8357690915818494e-13
Qratio: 2.3532953148887562e-06
JKTS Final_TS_CH4O_H1.pkl -loc
Eckart = 3.475688877635275
JKTS Final_TS_CH4O_H1.pkl -loc
Eckart = 3.475688877635275
JKTS Final_TS_CH4O_H1.pkl -loc
Wigner = 3.414510928968419
JKTS Final_TS_CH4O_H1.pkl -loc
Wigner = 3.414510928968419
JKTS Final_TS_CH4O_H1.pkl -loc

Eckart = 3.475688877635275
Wigner = 3.414510928968419
JKTS Final_TS_CH4O_H1.pkl -loc

Eckart = 3.475688877635275
Wigner = 3.414510928968419
