JKTS Final_TS_C3H6O_H3.pkl -loc
No zero point energy, using electronic energy
Ea: 1.6630 kcal/mol
k_MCTST = 2.828546629940527e-13
LC-TST = 1.436112958835777e-14
Eckart = 10.075931503474553
Wigner = 4.992900346889488
Qratio: 1.840670737120905e-06
JKTS Final_TS_C3H6O_H3.pkl -loc
No zero point energy, using electronic energy
Ea: 1.6630 kcal/mol
k_MCTST = 2.828546629940527e-13
Eckart = 10.075931503474553
Wigner = 4.992900346889488
No tunneling: 2.8072309036292475e-14
LC-TST = 1.436112958835777e-14
Qratio: 1.840670737120905e-06
JKTS Final_TS_C3H6O_H3.pkl -loc
Eckart = 10.075931503474553
JKTS Final_TS_C3H6O_H3.pkl -loc
Eckart = 10.075931503474553
JKTS Final_TS_C3H6O_H3.pkl -loc
Wigner = 4.992900346889488
JKTS Final_TS_C3H6O_H3.pkl -loc
Wigner = 4.992900346889488
JKTS Final_TS_C3H6O_H3.pkl -loc

Eckart = 10.075931503474553
Wigner = 4.992900346889488
JKTS Final_TS_C3H6O_H3.pkl -loc

Eckart = 10.075931503474553
Wigner = 4.992900346889488
