JKTS Final_TS_C3H6O_H2.pkl -loc
No zero point energy, using electronic energy
Ea: 1.6629 kcal/mol
k_MCTST = 2.8302515951661887e-13
LC-TST = 1.4376112942345994e-14
Eckart = 10.076016813021846
Wigner = 4.993202670509827
Qratio: 1.8413275887810133e-06
JKTS Final_TS_C3H6O_H2.pkl -loc
No zero point energy, using electronic energy
Ea: 1.6629 kcal/mol
k_MCTST = 2.8302515951661887e-13
Eckart = 10.076016813021846
Wigner = 4.993202670509827
No tunneling: 2.8088992383463306e-14
LC-TST = 1.4376112942345994e-14
Qratio: 1.8413275887810133e-06
JKTS Final_TS_C3H6O_H2.pkl -loc
Eckart = 10.076016813021846
JKTS Final_TS_C3H6O_H2.pkl -loc
Eckart = 10.076016813021846
JKTS Final_TS_C3H6O_H2.pkl -loc
Wigner = 4.993202670509827
JKTS Final_TS_C3H6O_H2.pkl -loc
Wigner = 4.993202670509827
JKTS Final_TS_C3H6O_H2.pkl -loc

Eckart = 10.076016813021846
Wigner = 4.993202670509827
JKTS Final_TS_C3H6O_H2.pkl -loc

Eckart = 10.076016813021846
Wigner = 4.993202670509827
