JKTS Final_TS_C2H6O_H1.pkl -loc
No zero point energy, using electronic energy
Ea: 1.5559 kcal/mol
k_MCTST = 1.5298929338250326e-13
LC-TST = 8.92667242397261e-15
Eckart = 7.781289901024969
Wigner = 4.854813509981578
Qratio: 1.075892562730981e-06
JKTS Final_TS_C2H6O_H1.pkl -loc
No zero point energy, using electronic energy
Ea: 1.5559 kcal/mol
k_MCTST = 1.5298929338250326e-13
Eckart = 7.781289901024969
Wigner = 4.854813509981578
No tunneling: 1.9661173832162602e-14
LC-TST = 8.92667242397261e-15
Qratio: 1.075892562730981e-06
JKTS Final_TS_C2H6O_H1.pkl -loc
Eckart = 7.781289901024969
JKTS Final_TS_C2H6O_H1.pkl -loc
Eckart = 7.781289901024969
JKTS Final_TS_C2H6O_H1.pkl -loc
Wigner = 4.854813509981578
JKTS Final_TS_C2H6O_H1.pkl -loc
Wigner = 4.854813509981578
JKTS Final_TS_C2H6O_H1.pkl -loc

Eckart = 7.781289901024969
Wigner = 4.854813509981578
JKTS Final_TS_C2H6O_H1.pkl -loc

Eckart = 7.781289901024969
Wigner = 4.854813509981578
