JKTS Final_TS_C3H8_H3.pkl -loc
No zero point energy, using electronic energy
Ea: 0.6629 kcal/mol
k_MCTST = 2.598954689963332e-12
LC-TST = 2.627346913755663e-13
Eckart = 2.916927740063523
Wigner = 2.3706705094311875
Qratio: 1.0801772146034517e-05
JKTS Final_TS_C3H8_H3.pkl -loc
No zero point energy, using electronic energy
Ea: 0.6629 kcal/mol
k_MCTST = 2.598954689963332e-12
Eckart = 2.916927740063523
Wigner = 2.3706705094311875
No tunneling: 8.909904260798498e-13
LC-TST = 2.627346913755663e-13
Qratio: 1.0801772146034517e-05
JKTS Final_TS_C3H8_H3.pkl -loc
Eckart = 2.916927740063523
JKTS Final_TS_C3H8_H3.pkl -loc
Eckart = 2.916927740063523
JKTS Final_TS_C3H8_H3.pkl -loc
Wigner = 2.3706705094311875
JKTS Final_TS_C3H8_H3.pkl -loc
Wigner = 2.3706705094311875
JKTS Final_TS_C3H8_H3.pkl -loc

Eckart = 2.916927740063523
Wigner = 2.3706705094311875
JKTS Final_TS_C3H8_H3.pkl -loc

Eckart = 2.916927740063523
Wigner = 2.3706705094311875
