JKTS Final_TS_C3H8_H1.pkl -loc
No zero point energy, using electronic energy
Ea: 2.4477 kcal/mol
k_MCTST = 1.1499976710120675e-13
LC-TST = 1.3852681191003978e-14
Eckart = 8.30162518833454
Wigner = 3.389112025954574
Qratio: 3.4149306942128254e-06
JKTS Final_TS_C3H8_H1.pkl -loc
No zero point energy, using electronic energy
Ea: 2.4477 kcal/mol
k_MCTST = 1.1499976710120675e-13
Eckart = 8.30162518833454
Wigner = 3.389112025954574
No tunneling: 1.385268119100398e-14
LC-TST = 1.3852681191003978e-14
Qratio: 3.4149306942128254e-06
JKTS Final_TS_C3H8_H1.pkl -loc
Eckart = 8.30162518833454
JKTS Final_TS_C3H8_H1.pkl -loc
Eckart = 8.30162518833454
JKTS Final_TS_C3H8_H1.pkl -loc
Wigner = 3.389112025954574
JKTS Final_TS_C3H8_H1.pkl -loc
Wigner = 3.389112025954574
JKTS Final_TS_C3H8_H1.pkl -loc

Eckart = 8.30162518833454
Wigner = 3.389112025954574
JKTS Final_TS_C3H8_H1.pkl -loc

Eckart = 8.30162518833454
Wigner = 3.389112025954574
