JKTS Final_TS_C3H6O_H1.pkl -loc
No zero point energy, using electronic energy
Ea: 2.9398 kcal/mol
k_MCTST = 6.328441661808212e-14
LC-TST = 5.4359198795555804e-15
Eckart = 12.5452319668784
Wigner = 3.8015654586018788
Qratio: 2.853795091901976e-06
JKTS Final_TS_C3H6O_H1.pkl -loc
No zero point energy, using electronic energy
Ea: 2.9398 kcal/mol
k_MCTST = 6.328441661808212e-14
Eckart = 12.5452319668784
Wigner = 3.8015654586018788
No tunneling: 5.044499518634969e-15
LC-TST = 5.4359198795555804e-15
Qratio: 2.853795091901976e-06
JKTS Final_TS_C3H6O_H1.pkl -loc
Eckart = 12.5452319668784
JKTS Final_TS_C3H6O_H1.pkl -loc
Eckart = 12.5452319668784
JKTS Final_TS_C3H6O_H1.pkl -loc
Wigner = 3.8015654586018788
JKTS Final_TS_C3H6O_H1.pkl -loc
Wigner = 3.8015654586018788
JKTS Final_TS_C3H6O_H1.pkl -info
JKTS Final_TS_C3H6O_H1.pkl -loc

Eckart = 12.5452319668784
Wigner = 3.8015654586018788
JKTS Final_TS_C3H6O_H1.pkl -loc

Eckart = 12.5452319668784
Wigner = 3.8015654586018788
