JKTS Final_TS_C2H6O_H2.pkl -loc
No zero point energy, using electronic energy
Ea: -0.7369 kcal/mol
k_MCTST = 1.9991038538415375e-12
LC-TST = 1.472444696668601e-12
Eckart = 1.188012884677255
Wigner = 2.683361616094817
Qratio: 1.921246742273789e-06
JKTS Final_TS_C2H6O_H2.pkl -loc
No zero point energy, using electronic energy
Ea: -0.7369 kcal/mol
k_MCTST = 1.9991038538415375e-12
Eckart = 1.188012884677255
Wigner = 2.683361616094817
No tunneling: 1.68272910136377e-12
LC-TST = 1.472444696668601e-12
Qratio: 1.921246742273789e-06
JKTS Final_TS_C2H6O_H2.pkl -loc
Eckart = 1.188012884677255
JKTS Final_TS_C2H6O_H2.pkl -loc
Eckart = 1.188012884677255
JKTS Final_TS_C2H6O_H2.pkl -loc
Wigner = 2.683361616094817
JKTS Final_TS_C2H6O_H2.pkl -loc
Wigner = 2.683361616094817
JKTS Final_TS_C2H6O_H2.pkl -loc

Eckart = 1.188012884677255
Wigner = 2.683361616094817
JKTS Final_TS_C2H6O_H2.pkl -loc

Eckart = 1.188012884677255
Wigner = 2.683361616094817
