JKTS Final_TS_C2H6_H2.pkl -loc
No zero point energy, using electronic energy
Ea: 2.4270 kcal/mol
k_MCTST = 1.4702837175348849e-13
LC-TST = 1.8277726882439708e-14
Eckart = 8.044127844734657
Wigner = 3.3659353328910813
Qratio: 4.351485022163649e-06
JKTS Final_TS_C2H6_H2.pkl -loc
No zero point energy, using electronic energy
Ea: 2.4270 kcal/mol
k_MCTST = 1.4702837175348849e-13
Eckart = 8.044127844734657
Wigner = 3.3659353328910813
No tunneling: 1.8277726882439714e-14
LC-TST = 1.8277726882439708e-14
Qratio: 4.351485022163649e-06
JKTS Final_TS_C2H6_H2.pkl -loc
Eckart = 8.044127844734657
JKTS Final_TS_C2H6_H2.pkl -loc
Eckart = 8.044127844734657
JKTS Final_TS_C2H6_H2.pkl -loc
Wigner = 3.3659353328910813
JKTS Final_TS_C2H6_H2.pkl -loc
Wigner = 3.3659353328910813
JKTS Final_TS_C2H6_H2.pkl -loc

Eckart = 8.044127844734657
Wigner = 3.3659353328910813
JKTS Final_TS_C2H6_H2.pkl -loc

Eckart = 8.044127844734657
Wigner = 3.3659353328910813
