JKTS Final_TS_C3H8_H2.pkl -loc
No zero point energy, using electronic energy
Ea: 0.7718 kcal/mol
k_MCTST = 1.8048603376117464e-13
LC-TST = 5.462339772688213e-14
Eckart = 3.3041890704713706
Wigner = 2.532321362504403
Qratio: 7.9585532436921e-07
JKTS Final_TS_C3H8_H2.pkl -loc
No zero point energy, using electronic energy
Ea: 0.7718 kcal/mol
k_MCTST = 1.8048603376117464e-13
Eckart = 3.3041890704713706
Wigner = 2.532321362504403
No tunneling: 5.462339772688213e-14
LC-TST = 5.462339772688213e-14
Qratio: 7.9585532436921e-07
JKTS Final_TS_C3H8_H2.pkl -loc
Eckart = 3.3041890704713706
JKTS Final_TS_C3H8_H2.pkl -loc
Eckart = 3.3041890704713706
JKTS Final_TS_C3H8_H2.pkl -loc
Wigner = 2.532321362504403
JKTS Final_TS_C3H8_H2.pkl -loc
Wigner = 2.532321362504403
JKTS Final_TS_C3H8_H2.pkl -loc

Eckart = 3.3041890704713706
Wigner = 2.532321362504403
JKTS Final_TS_C3H8_H2.pkl -loc

Eckart = 3.3041890704713706
Wigner = 2.532321362504403
