JKTS Final_TS_C3H8_H4.pkl -loc
No zero point energy, using electronic energy
Ea: 2.0096 kcal/mol
k_MCTST = 3.819050255827346e-13
LC-TST = 4.2087597455739394e-14
Eckart = 6.826984641504488
Wigner = 3.2483104183214633
Qratio: 6.583244778946955e-06
JKTS Final_TS_C3H8_H4.pkl -loc
No zero point energy, using electronic energy
Ea: 2.0096 kcal/mol
k_MCTST = 3.819050255827346e-13
Eckart = 6.826984641504488
Wigner = 3.2483104183214633
No tunneling: 5.5940513365293403e-14
LC-TST = 4.2087597455739394e-14
Qratio: 6.583244778946955e-06
JKTS Final_TS_C3H8_H4.pkl -loc
Eckart = 6.826984641504488
JKTS Final_TS_C3H8_H4.pkl -loc
Eckart = 6.826984641504488
JKTS Final_TS_C3H8_H4.pkl -loc
Wigner = 3.2483104183214633
JKTS Final_TS_C3H8_H4.pkl -loc
Wigner = 3.2483104183214633
JKTS Final_TS_C3H8_H4.pkl -loc

Eckart = 6.826984641504488
Wigner = 3.2483104183214633
JKTS Final_TS_C3H8_H4.pkl -loc

Eckart = 6.826984641504488
Wigner = 3.2483104183214633
